cdfs: [5, 15, 30, 60, 85, 95]
quantiles: [0.0, 0.40000000000000002, 1.3333299999999999, 3.0, 5.4444400000000002, 7.5674625000000004]