cdfs: [5, 15, 30, 60, 85, 95]
quantiles: [0.0, 0.33333299999999999, 1.0, 2.8333300000000001, 5.25, 7.4285699999999997]