cdfs: [5, 15, 30, 60, 85, 95]
quantiles: [0.0, 0.40000000000000002, 1.25, 3.0, 5.4257129999999965, 7.5]