cdfs: [5, 15, 30, 60, 85, 95]
quantiles: [0.0, 0.25, 0.66666700000000001, 1.6666700000000001, 3.0, 4.0]