cdfs: [5, 15, 30, 60, 85, 95]
quantiles: [0.0, 0.20000000000000001, 0.59999999999999998, 1.5, 2.75, 4.0]