cdfs: [5, 15, 30, 60, 85, 95]
quantiles: [0.0, 0.40000000000000002, 1.2857099999999999, 3.0, 5.5, 7.6666699999999999]